top score = 4346.9
alpha = 
0.857193
0.018515
0.434036
0.690132
-0.041189
0.616699
0.458671
0.028973
0.152896
0.240452
0.318409
0.489233
0.654811
=======
top score = 4292.39
alpha = 
0.134486
0.218576
0.029592
0.741341
0.183333
0.460683
0.687837
0.265343
0.552831
1.022785
-0.175812
0.832939
0.876804
=======
top score = 4340.33
alpha = 
0.134486
0.218576
0.029592
0.741341
0.183333
0.460683
0.687837
0.265343
0.552831
1.022785
-0.175812
0.832939
0.876804
=======
top score = 4309.01
alpha = 
0.134486
0.290326
0.123600
0.733650
0.473954
0.267576
0.435628
0.028973
0.152896
0.526434
-0.053578
0.900000
0.996415
=======
top score = 4385.85
alpha = 
0.134486
0.290326
-0.129838
0.733650
0.473954
0.267576
0.926694
0.222710
0.994426
0.818228
-0.053578
0.476200
0.996415
=======
top score = 4412.96
alpha = 
0.134486
0.290326
0.123600
0.474899
0.845963
0.619382
0.687837
-0.001233
0.292029
0.526434
-0.053578
0.489233
0.996415
=======
top score = 4347.55
alpha = 
0.278388
0.290326
0.123600
0.741341
-0.049730
0.460683
0.926694
-0.162869
0.552831
1.022785
0.041587
0.900000
0.876804
=======
